1 87 55 74 74
2 87 55 74 74
3 88 54 75 75
4 85 55 78 78
5 88 55 72 72
6 87 55 73 73
7 85 53 80 80
8 87 54 77 77
9 87 55 74 74
10 86 55 77 77
11 86 54 78 78
12 86 54 77 77
13 87 55 76 76
14 87 55 77 77
15 87 55 78 78
16 86 56 78 78
17 86 56 78 78
18 85 57 78 78
19 85 57 79 79
20 85 57 79 79
21 88 57 74 74
22 88 57 75 75
23 85 59 75 75
24 81 58 82 82
25 81 59 83 83
26 83 59 79 79
27 84 57 78 78
28 85 58 78 78
29 84 58 79 79
30 84 58 78 78
31 84 57 79 79
32 86 59 77 77
33 86 59 77 77
34 85 58 77 77
35 83 54 78 78
36 84 53 75 75
37 86 54 72 72
38 83 50 82 82
39 86 54 73 73
40 86 54 73 73
41 85 53 75 75
42 85 54 75 75
43 85 54 76 76
44 84 53 78 78
45 84 54 78 78
46 84 54 78 78
47 84 53 79 79
48 84 53 79 79
49 85 53 78 78
50 85 55 75 75
51 85 55 72 72
52 84 52 75 75
53 83 52 78 78
54 85 53 78 78
55 86 54 73 73
56 85 53 76 76
57 84 53 76 76
58 83 51 78 78
59 84 50 78 78
60 84 49 78 78
61 83 51 77 77
62 84 52 75 75
63 85 53 74 74
64 86 49 75 75
65 87 43 79 79
66 85 41 79 79
67 87 42 77 77
68 86 44 80 80
69 89 46 77 77
70 88 48 78 78
71 81 54 75 75
72 76 53 76 76
73 72 54 74 74
74 69 53 76 76
75 70 53 76 76
76 71 52 78 78
77 72 49 80 80
78 73 48 82 82
79 76 50 80 80
80 81 50 79 79
81 84 50 77 77
82 88 47 80 80
83 91 48 77 77
84 91 46 77 77
85 90 46 79 79
86 88 51 79 79
87 84 51 81 81
88 81 48 82 82
89 81 49 79 79
90 75 47 84 84
91 71 46 84 84
92 72 48 81 81
93 73 49 79 79
94 74 48 81 81
95 74 47 83 83
96 80 51 79 79
97 81 51 82 82
98 82 51 82 82
99 81 52 81 81
100 82 52 79 79
101 83 53 80 80
102 83 53 80 80
103 83 53 80 80
104 82 53 82 82
105 82 52 82 82
106 84 54 78 78
107 84 49 79 79
108 86 48 76 76
109 85 49 76 76
110 86 51 75 75
111 87 52 79 79
112 87 53 79 79
113 87 54 77 77
114 87 54 77 77
115 87 53 78 78
116 87 53 78 78
117 88 52 76 76
118 89 52 77 77
119 90 52 74 74
120 89 48 76 76
121 88 45 77 77
122 87 45 78 78
123 87 45 77 77
124 87 46 75 75
125 88 46 76 76
126 86 46 76 76
127 89 49 75 75
128 88 51 75 75
129 86 56 71 71
130 84 55 72 72
131 76 52 74 74
132 73 51 73 73
133 73 51 71 71
134 73 53 69 69
135 72 54 69 69
136 72 56 69 69
137 70 51 78 78
138 72 52 79 79
139 77 53 76 76
140 80 54 77 77
141 80 54 77 77
142 79 52 82 82
143 79 52 82 82
144 82 54 80 80
145 84 51 76 76
146 82 54 80 80
147 80 52 80 80
148 83 54 75 75
149 83 52 76 76
150 88 52 72 72
151 97 52 70 70
152 99 53 69 69
153 98 52 73 73
154 97 53 73 73
155 98 54 72 72
156 96 56 72 72
157 92 53 76 76
158 91 54 80 80
159 93 56 77 77
160 93 57 78 78
161 93 57 78 78
162 91 54 80 80
163 92 57 76 76
164 92 56 78 78
165 90 56 78 78
166 88 50 79 79
167 88 52 72 72
168 84 50 71 71
169 79 50 71 71
170 76 50 73 73
171 75 53 70 70
172 75 54 70 70
173 73 53 73 73
174 73 52 74 74
175 74 52 76 76
176 77 53 74 74
177 77 54 73 73
178 77 54 74 74
179 76 53 75 75
180 77 55 73 73
181 75 55 79 79
182 75 55 78 78
183 74 55 78 78
184 75 55 77 77
185 78 55 77 77
186 78 56 77 77
187 79 56 77 77
188 78 57 78 78
189 80 57 77 77
190 81 58 75 75
191 80 56 74 74
192 80 55 75 75
193 80 54 76 76
194 83 58 70 70
195 83 59 71 71
196 75 59 78 78
197 75 59 79 79
198 76 55 75 75
199 78 56 76 76
200 76 57 77 77
201 77 57 75 75
202 78 58 74 74
203 75 60 76 76
204 76 59 77 77
205 76 59 77 77
206 80 60 74 74
207 80 60 74 74
208 79 58 77 77
209 80 58 77 77
210 80 59 76 76
211 80 59 76 76
212 80 60 77 77
213 82 61 73 73
214 82 61 73 73
215 81 59 77 77
216 78 55 70 70
217 74 53 74 74
218 74 57 72 72
219 74 57 70 70
220 74 58 70 70
221 77 57 71 71
222 80 56 70 70
223 83 57 70 70
224 90 60 65 65
225 89 58 68 68
226 91 53 73 73
227 92 54 72 72
228 93 55 71 71
