1 91 60 145 51 100 119 156 113
2 92 59 145 52 100 120 155 115
3 92 59 146 52 100 120 156 115
4 92 59 147 52 101 122 157 118
5 91 58 146 51 100 121 157 115
6 92 59 146 52 100 121 156 115
7 92 59 147 52 101 122 157 117
8 91 60 145 52 101 121 157 116
9 91 60 144 52 101 120 155 115
10 91 61 144 52 101 120 155 115
11 91 60 144 52 101 120 155 115
12 91 60 144 52 101 120 155 115
13 92 62 144 53 101 121 155 116
14 92 62 144 54 101 122 155 117
15 92 62 144 54 102 122 155 117
16 92 62 145 54 102 122 156 117
17 92 61 145 54 101 122 155 118
18 91 61 144 54 101 122 155 117
19 91 61 145 53 101 122 155 117
20 91 61 145 54 101 122 156 117
21 92 62 146 55 101 122 155 117
22 92 62 146 55 101 121 155 116
23 92 63 146 55 102 121 156 117
24 93 67 147 59 103 126 158 121
25 92 67 147 59 103 127 158 122
26 92 66 146 58 102 126 157 121
27 92 66 146 58 103 126 157 121
28 92 65 146 57 102 126 157 121
29 92 65 146 57 102 126 157 120
30 92 64 146 56 102 126 157 120
31 92 63 146 56 102 125 156 120
32 91 63 146 56 101 124 157 120
33 91 63 145 56 101 124 156 120
34 91 64 145 55 102 124 157 118
35 90 62 143 52 102 123 157 115
36 89 60 142 51 100 119 155 114
37 89 59 142 50 100 119 155 112
38 89 59 142 50 100 122 155 115
39 89 59 142 50 101 121 156 114
40 90 59 143 51 100 120 155 114
41 91 59 144 51 101 120 156 114
42 91 59 144 51 101 121 156 114
43 91 60 144 51 101 121 156 114
44 91 60 144 51 101 121 156 115
45 90 60 144 51 101 122 157 115
46 90 60 144 51 101 122 156 115
47 90 60 144 51 101 122 157 115
48 90 60 144 51 101 121 156 115
49 90 60 144 52 101 121 156 115
50 91 60 144 52 101 121 156 115
51 89 60 143 51 101 120 155 113
52 89 61 142 51 101 120 154 113
53 89 60 143 50 101 120 155 114
54 89 59 143 50 101 121 156 115
55 89 60 142 50 101 121 155 113
56 90 59 144 51 101 120 155 114
57 91 59 145 51 101 120 155 114
58 92 59 145 51 101 119 155 113
59 91 58 144 50 101 120 156 113
60 91 58 144 49 102 120 157 113
61 89 59 142 49 102 120 156 113
62 89 60 142 49 102 119 156 112
63 89 60 142 49 101 119 155 111
64 90 55 144 46 101 116 156 109
65 90 54 143 43 103 113 155 104
66 93 51 144 39 106 110 159 102
67 94 51 148 40 106 110 160 102
68 94 53 149 41 109 112 162 104
69 94 55 150 43 109 114 163 107
70 94 56 149 44 109 116 163 109
71 87 61 143 48 100 122 159 112
72 82 63 137 49 98 121 152 113
73 80 65 133 52 96 122 148 114
74 78 65 131 52 94 122 146 114
75 77 65 130 51 94 121 145 113
76 79 62 132 50 95 122 147 114
77 81 61 135 50 95 121 149 112
78 84 60 138 50 97 121 152 112
79 87 59 141 49 99 120 155 112
80 88 58 142 48 99 121 156 112
81 90 59 146 46 104 121 161 111
82 94 57 148 45 109 118 163 109
83 97 52 152 42 111 115 167 108
84 99 53 154 42 112 115 168 107
85 99 55 154 43 113 116 169 109
86 97 60 152 48 111 121 167 114
87 95 58 149 50 107 120 163 115
88 91 59 145 47 104 121 160 113
89 90 58 143 47 102 118 157 112
90 89 59 141 48 100 120 156 115
91 85 58 138 47 98 119 153 113
92 85 58 137 47 98 118 152 112
93 85 58 136 47 98 118 152 111
94 85 58 138 47 98 118 153 111
95 88 58 140 48 99 121 155 113
96 89 62 142 50 102 122 157 114
97 89 61 143 50 101 121 157 115
98 89 61 143 50 101 122 158 115
99 89 61 145 50 102 122 158 115
100 90 60 145 50 101 122 159 115
101 90 60 145 50 101 123 159 116
102 90 60 145 50 101 124 159 116
103 90 60 145 50 101 124 159 116
104 90 61 145 50 101 124 158 116
105 90 61 145 51 101 124 158 116
106 91 61 145 52 100 123 158 117
107 91 55 146 47 101 121 158 114
108 92 54 145 46 101 119 158 112
109 93 54 147 47 103 118 158 111
110 94 54 148 48 103 119 158 111
111 96 59 151 51 105 122 161 114
112 97 60 153 53 106 125 162 117
113 97 60 153 53 106 124 162 117
114 98 60 153 54 106 124 162 117
115 98 60 153 53 106 124 162 116
116 97 60 152 54 106 123 160 117
117 97 60 151 53 105 122 159 116
118 97 59 151 51 106 119 159 114
119 95 57 149 49 106 117 159 112
120 94 55 148 46 106 114 158 108
121 92 52 146 43 105 111 157 105
122 93 52 145 43 104 111 157 105
123 93 52 145 43 104 111 157 105
124 93 53 145 43 105 111 157 105
125 94 52 146 44 105 111 157 104
126 94 54 145 44 107 112 157 104
127 93 58 145 46 108 114 159 106
128 93 61 144 49 108 117 158 109
129 92 63 142 51 105 121 157 112
130 90 64 139 51 104 120 155 111
131 85 64 134 52 99 119 148 111
132 82 61 130 48 97 116 146 107
133 79 61 127 48 94 115 143 106
134 77 62 125 48 92 116 141 106
135 74 63 124 49 92 119 141 109
136 76 65 129 52 94 121 144 113
137 79 64 131 51 96 122 147 113
138 81 63 134 51 97 123 150 115
139 84 64 137 51 99 123 153 114
140 87 63 140 52 100 122 154 114
141 90 63 142 53 101 124 156 116
142 90 63 142 52 101 124 157 116
143 90 62 142 52 101 124 156 116
144 90 62 143 52 101 123 156 116
145 90 61 143 52 100 122 156 115
146 91 60 144 52 101 122 155 116
147 92 59 144 51 101 122 156 116
148 92 59 145 51 102 121 158 114
149 94 59 146 51 103 120 157 114
150 96 60 147 52 108 117 157 112
151 102 58 153 52 112 113 161 110
152 107 58 157 52 115 114 165 111
153 109 60 159 54 116 115 167 113
154 109 60 159 55 116 116 167 114
155 109 61 159 55 117 116 167 114
156 107 62 157 57 115 118 164 115
157 105 64 154 57 114 119 162 116
158 103 65 152 58 113 120 162 117
159 102 68 153 59 113 122 163 118
160 102 68 153 60 113 123 163 118
161 101 68 153 60 113 123 163 118
162 101 67 152 59 113 123 163 118
163 100 66 152 58 112 122 163 117
164 99 66 151 57 112 122 163 117
165 99 65 150 56 111 122 162 117
166 96 62 147 52 108 119 160 113
167 93 57 144 48 104 114 155 108
168 90 55 140 46 101 112 153 105
169 87 56 137 47 98 113 149 107
170 83 57 133 47 95 114 147 108
171 80 60 131 49 94 117 145 110
172 80 61 131 49 95 118 144 110
173 81 62 132 50 96 119 147 111
174 82 62 133 50 96 119 148 113
175 83 62 133 51 98 119 148 112
176 84 63 135 52 97 121 150 113
177 84 63 135 52 98 120 150 112
178 84 64 135 52 98 121 150 113
179 85 64 135 53 98 120 149 113
180 84 65 135 54 98 122 150 114
181 83 67 134 54 98 125 150 118
182 83 68 135 56 98 124 150 118
183 83 68 135 56 98 124 151 117
184 83 68 135 56 98 124 150 116
185 82 68 135 55 98 125 151 116
186 84 67 136 55 98 124 151 117
187 84 67 136 55 98 125 151 117
188 85 67 137 56 98 125 152 118
189 86 68 137 57 99 125 151 118
190 85 67 136 56 99 125 150 116
191 87 65 136 56 98 120 149 115
192 88 65 135 55 99 120 149 115
193 87 65 136 55 99 120 149 114
194 87 66 135 56 99 120 149 114
195 87 69 135 58 99 122 149 115
196 86 72 134 61 99 127 148 120
197 86 72 135 62 99 126 149 121
198 86 70 135 59 98 123 148 117
199 85 68 135 59 98 122 148 117
200 86 72 134 61 99 126 149 120
201 85 70 134 58 98 124 148 117
202 85 71 134 59 98 124 149 117
203 85 73 135 61 98 127 149 120
204 85 72 135 61 99 127 150 120
205 85 72 135 60 99 126 149 119
206 85 71 135 60 99 125 150 119
207 86 71 135 59 99 126 150 119
208 86 70 136 59 99 125 151 118
209 86 70 136 59 99 125 151 119
210 86 70 136 59 99 126 150 119
211 86 70 136 59 99 126 151 120
212 86 70 137 59 99 126 150 120
213 86 70 137 59 99 125 151 119
214 86 70 137 60 99 126 151 119
215 88 70 138 59 100 128 152 122
216 82 66 134 51 99 124 151 111
217 80 65 133 51 98 122 148 111
218 79 68 130 52 98 125 148 114
219 78 67 129 52 97 123 146 113
220 77 68 129 52 96 124 146 114
221 78 66 131 51 98 124 147 113
222 81 66 134 52 99 123 149 112
223 85 64 138 52 101 123 153 112
224 90 63 142 52 103 122 156 113
225 93 63 143 51 107 121 158 113
226 96 63 146 51 111 120 161 112
227 98 64 147 52 112 120 162 113
228 98 64 147 53 113 120 162 113
