2 5 366 82 359 27 456 96 441
3 20 370 92 363 41 455 109 439
4 34 367 106 359 53 452 123 436
5 36 365 104 360 56 452 121 438
6 46 360 115 356 63 447 131 434
7 54 354 123 352 70 442 138 430
8 59 347 125 345 77 435 141 423
9 64 341 129 340 79 427 143 415
10 63 342 129 337 82 427 145 413
11 64 335 130 331 82 417 146 404
12 65 330 131 325 84 411 148 397
13 65 323 133 318 83 403 148 391
14 65 317 136 311 83 397 153 385
15 65 317 135 311 84 397 151 386
16 67 313 139 308 85 393 155 382
17 69 308 141 303 88 392 157 380
18 74 303 143 297 92 387 159 374
19 78 298 148 294 94 381 164 370
20 77 299 148 294 94 383 164 371
21 83 293 154 290 99 375 170 365
22 87 292 157 287 105 371 174 360
23 93 289 162 286 109 367 178 357
24 97 288 166 284 115 366 181 356
25 96 289 167 282 116 368 184 355
26 101 289 172 282 120 370 187 357
27 106 290 176 284 125 373 191 359
28 111 290 178 284 131 374 194 360
29 114 290 181 283 136 376 198 361
30 114 290 178 284 137 377 197 361
31 119 290 187 283 140 378 202 363
32 124 291 191 284 145 379 207 364
33 130 291 197 284 149 378 212 363
34 135 291 203 286 155 377 218 364
35 134 293 201 286 155 377 218 362
36 142 293 210 287 162 377 225 363
37 149 293 217 289 169 377 233 365
38 156 294 225 288 177 376 241 363
39 165 295 233 289 185 377 249 364
40 164 293 230 287 185 377 247 363
41 172 295 240 288 194 377 258 363
42 180 294 249 288 202 377 266 363
43 188 293 258 288 209 376 273 364
44 197 294 266 288 218 377 282 364
45 197 292 265 286 217 376 280 362
46 205 293 274 287 226 376 291 363
47 214 293 283 288 235 376 299 364
48 222 295 293 288 244 377 309 364
49 231 295 300 290 252 377 316 365
103 193 234 272 247 177 319 263 330
104 197 229 274 245 178 312 264 326
105 198 233 274 249 183 314 268 327
106 199 237 276 254 185 314 269 328
107 202 240 281 257 188 318 275 332
108 204 243 286 260 191 323 280 336
109 204 242 284 260 190 324 279 337
110 208 246 292 264 194 328 285 343
111 210 249 297 268 195 334 289 349
112 212 252 300 272 197 339 292 355
113 212 256 303 275 198 347 296 363
114 211 257 301 274 198 350 297 363
115 213 258 307 274 200 354 302 367
116 213 257 311 273 203 356 308 368
117 216 255 316 269 206 357 312 368
118 216 254 319 267 207 358 315 368
119 216 253 318 267 206 359 315 369
120 215 253 320 267 205 361 315 371
121 210 255 319 268 201 369 316 379
122 208 258 318 271 198 376 314 386
123 204 260 317 274 194 384 314 394
124 202 260 317 274 193 384 313 393
125 200 264 315 279 189 392 311 402
126 194 270 313 283 185 403 309 411
127 186 281 307 294 176 417 303 425
128 179 294 302 306 170 431 298 440
129 177 293 300 306 170 431 296 439
130 171 307 297 320 163 447 292 454
131 167 322 295 335 160 461 290 469
132 161 335 290 347 153 476 286 480
133 156 346 287 358 146 488 281 493
134 156 345 287 359 144 490 283 496
135 151 347 283 361 140 494 280 500
136 151 334 283 347 136 484 278 489
137 151 311 281 323 140 463 274 469
138 148 293 270 308 144 442 260 450
139 149 278 275 290 141 429 268 432
140 142 261 267 275 140 409 260 418
142 138 187 258 190 132 320 262 317
143 136 166 256 173 131 297 255 300
144 137 146 258 157 128 293 257 295
145 129 127 251 138 122 274 252 275
146 123 116 248 128 116 257 249 261
147 116 115 241 126 110 254 244 257
148 111 121 237 133 106 264 238 266
149 113 122 239 132 108 264 239 266
150 108 136 236 147 106 282 234 282
151 105 154 235 164 105 300 233 301
152 101 170 232 181 100 318 230 319
153 96 180 231 191 96 327 231 329
154 99 179 231 191 96 328 229 330
155 97 181 232 196 91 332 228 337
156 97 182 234 200 89 339 228 345
157 95 187 233 206 85 347 224 355
158 85 195 226 217 74 359 216 368
159 85 194 227 217 72 360 215 369
160 74 195 219 223 57 364 205 377
161 59 189 209 216 44 360 198 374
162 48 179 200 208 31 351 187 368
164 5 213 82 208 15 306 85 294
165 4 213 80 209 11 308 82 296
166 4 214 79 211 9 308 79 297
167 6 213 78 210 10 308 77 296
168 8 213 77 209 13 307 76 293
169 10 212 78 210 12 307 75 293
170 11 212 75 209 16 306 73 291
171 12 210 76 209 12 304 71 291
172 13 206 72 207 14 301 67 289
173 16 201 63 201 23 295 59 282
174 20 202 67 205 26 295 64 283
190 36 218 96 221 34 315 89 303
191 30 216 96 214 36 313 95 299
193 236 190 327 204 233 301 322 303
194 232 187 326 204 232 298 321 302
195 230 188 325 202 232 299 324 302
196 229 188 325 201 232 299 323 301
197 227 188 325 199 232 299 326 300
198 225 187 324 197 230 299 325 299
199 225 187 325 197 229 298 324 299
200 224 187 325 197 229 298 323 299
201 224 183 326 193 228 295 325 296
202 225 181 328 190 227 293 327 294
203 227 181 330 189 228 291 329 293
204 227 181 332 189 228 292 331 294
205 227 181 331 189 229 292 331 294
206 226 180 331 187 229 292 331 293
207 225 180 330 186 228 294 331 294
208 223 182 327 185 225 296 331 295
209 217 184 326 184 222 297 329 296
210 218 184 326 184 221 297 329 296
211 215 185 322 182 218 297 326 296
212 213 187 320 182 216 299 325 298
213 210 190 319 182 214 302 324 300
214 209 193 316 182 212 304 324 301
215 209 193 316 182 212 304 323 301
216 211 194 317 182 213 306 324 303
217 214 195 320 184 216 307 326 305
218 220 196 324 186 222 307 329 307
219 225 197 330 188 225 309 333 310
220 224 197 330 188 224 310 335 310
221 230 197 334 189 228 312 338 314
222 236 195 339 190 232 310 341 314
223 237 193 342 190 235 307 344 311
224 237 193 344 189 236 307 347 309
225 237 194 344 189 235 307 347 309
226 239 192 346 189 237 305 349 307
227 240 193 349 190 237 305 349 308
228 241 194 351 192 239 306 350 309
229 243 195 352 194 241 306 351 310
230 242 194 351 194 240 307 352 311
231 247 195 355 197 244 309 354 314
232 252 197 363 200 251 313 365 317
233 257 196 367 202 255 316 368 318
234 263 193 380 203 262 317 376 320
235 265 194 380 202 262 318 378 321
236 269 194 380 202 270 318 377 316
237 277 195 379 203 281 319 376 312
238 285 195 378 207 289 320 368 313
239 290 196 376 207 299 323 367 314
240 292 196 382 206 298 323 373 314
241 302 195 389 205 303 323 369 313
242 313 193 399 205 308 316 371 309
243 321 192 401 205 315 313 375 305
244 321 193 404 206 321 311 382 303
245 322 193 402 205 322 310 380 301
246 324 194 404 205 326 308 383 299
247 332 195 406 210 324 306 380 302
276 144 196 226 180 164 280 244 270
277 139 199 222 181 163 283 241 273
278 133 205 216 186 159 289 237 279
279 125 206 207 188 152 292 229 282
280 125 208 206 189 153 293 228 283
281 118 200 200 182 144 288 221 278
282 114 191 197 173 138 279 216 269
283 113 186 196 171 134 275 214 266
284 111 186 193 170 133 275 211 266
285 110 187 194 170 133 275 211 265
286 109 188 191 172 130 277 208 268
287 105 191 188 175 126 279 205 270
288 100 193 184 177 122 281 201 271
289 97 192 180 176 118 279 197 270
290 96 193 179 176 119 280 197 269
291 94 189 176 172 114 276 193 266
292 91 186 173 170 111 274 190 263
293 88 184 170 169 107 272 187 261
294 84 184 168 168 103 272 184 261
295 84 184 168 168 104 272 183 261
296 80 185 164 169 100 273 181 262
297 76 185 160 170 96 273 176 262
298 72 185 157 170 91 272 172 262
299 70 183 153 169 87 270 168 261
300 68 184 152 169 87 272 166 261
301 65 183 149 169 83 270 163 260
302 62 183 145 169 80 270 160 260
303 58 182 143 169 75 269 156 260
304 53 178 138 166 68 266 152 257
305 53 179 137 165 70 268 152 258
306 49 176 134 164 64 264 147 255
307 46 178 130 165 62 267 145 257
476 133 226 220 221 131 311 229 307
477 128 227 221 222 127 314 226 312
478 125 229 220 225 125 319 226 317
479 124 228 220 224 123 320 225 319
480 121 231 220 228 121 326 224 324
481 120 236 220 236 119 332 223 332
482 121 241 223 242 120 340 224 341
483 124 247 227 250 122 350 229 352
484 126 249 227 252 122 350 228 353
485 130 252 234 258 125 358 233 362
486 135 257 240 263 130 363 239 368
487 140 260 245 269 134 369 242 374
488 142 266 249 277 135 375 245 382
489 142 267 249 278 134 376 243 383
490 142 274 250 285 136 385 245 392
491 142 284 251 296 135 397 245 404
492 139 296 248 308 133 412 243 418
493 134 307 246 319 128 426 239 431
494 138 308 248 323 126 426 239 434
495 132 319 244 332 123 439 237 445
496 130 329 243 344 119 452 233 459
497 127 339 243 355 117 465 231 472
498 127 347 245 365 116 474 231 482
499 128 349 244 367 115 475 231 484
500 130 350 246 366 118 476 235 482
501 135 352 254 367 125 479 243 484
502 143 353 263 369 132 480 250 486
503 152 351 270 366 144 481 260 484
504 153 348 271 365 143 480 257 483
505 163 347 278 365 155 479 265 481
506 176 338 287 356 168 474 273 474
507 194 322 296 342 179 456 278 456
508 207 309 297 328 188 438 277 436
509 205 299 299 322 190 433 283 433
510 211 287 298 309 192 418 280 418
512 213 226 299 254 194 349 281 357
513 208 211 292 239 188 333 277 341
514 208 203 290 231 192 332 274 339
515 203 186 286 217 185 315 273 324
516 198 168 280 203 180 301 267 313
517 192 155 276 191 171 289 257 303
518 183 154 272 188 163 287 252 300
519 184 154 278 190 160 284 253 300
520 178 161 267 198 155 293 243 307
592 54 218 114 214 56 296 108 286
593 57 216 116 212 60 286 109 277
594 57 218 116 214 61 284 110 276
595 60 216 117 214 63 281 113 273
596 64 216 120 214 68 280 119 273
597 69 217 126 216 73 280 125 274
598 75 217 133 218 78 280 133 275
599 74 218 131 217 78 281 132 275
600 81 219 141 219 85 281 140 276
601 89 220 148 222 93 282 146 277
602 98 224 154 225 101 286 150 280
603 105 229 160 228 111 291 157 283
604 108 229 165 228 112 291 163 284
605 117 233 172 232 121 296 169 288
606 126 238 185 237 131 301 183 293
607 137 242 197 240 141 304 195 297
608 150 240 209 241 152 301 204 295
609 153 239 211 242 154 300 208 296
610 162 234 220 237 162 295 217 291
611 168 228 228 231 167 291 223 288
612 169 226 233 228 169 289 229 285
613 169 225 234 227 168 288 229 285
614 169 225 234 227 167 288 229 285
615 166 226 232 227 165 289 227 286
616 163 228 230 229 162 290 225 288
617 159 232 227 231 159 293 224 290
618 154 235 224 233 157 297 222 293
619 155 235 224 233 157 297 222 293
620 150 238 220 235 154 300 219 295
621 144 238 215 235 149 301 215 296
622 138 238 210 234 143 300 209 295
623 131 237 203 233 135 300 203 295
624 131 236 204 234 135 299 203 295
625 122 236 195 233 127 301 197 297
626 112 239 185 236 116 303 184 300
627 98 242 172 239 102 309 173 305
628 84 242 159 239 88 307 158 304
629 83 242 158 239 88 308 159 304
630 68 241 143 235 75 306 147 301
631 54 235 130 227 63 303 136 295
632 43 226 120 218 53 295 125 288
633 36 220 112 211 45 292 118 285
634 36 219 113 212 45 292 119 285
635 30 216 107 209 40 290 112 283
636 26 214 104 207 34 289 107 282
637 23 211 101 205 30 287 104 281
638 22 208 100 202 29 287 103 279
639 22 207 100 201 29 287 103 280
640 23 205 102 199 30 286 103 278
641 27 204 105 198 33 286 109 278
642 31 205 111 199 38 288 113 280
643 35 207 115 201 43 290 119 281
644 35 207 114 201 42 290 118 282
645 37 208 117 202 46 292 121 283
646 38 210 119 204 46 294 124 285
647 38 213 120 208 45 296 123 289
648 38 219 120 214 44 303 123 295
649 39 220 120 215 45 303 124 295
650 41 226 123 221 48 310 126 302
651 45 235 129 229 52 319 132 311
652 52 244 137 240 59 328 139 321
653 61 247 147 245 66 332 147 328
654 60 248 145 246 66 332 147 327
655 70 247 155 248 71 332 155 329
656 78 242 163 244 77 327 159 324
657 87 236 172 239 84 322 165 319
658 93 231 179 233 90 318 172 314
659 93 232 177 233 92 318 173 313
660 98 228 182 229 96 314 177 310
661 102 224 186 226 100 311 181 306
670 278 192 387 196 277 306 390 316
671 267 188 380 193 265 314 382 326
672 250 190 374 196 246 325 376 338
673 236 190 362 197 230 328 361 339
674 233 190 359 196 228 329 361 340
675 223 186 348 193 217 323 347 334
676 215 185 343 191 211 321 341 331
677 207 189 333 194 203 326 333 333
678 189 197 318 198 188 334 323 339
679 186 197 316 198 186 336 322 339
680 169 201 300 199 171 341 307 343
681 156 201 285 196 162 344 296 342
682 148 200 279 192 159 345 292 339
683 143 204 275 193 156 349 289 341
684 143 204 275 193 156 349 290 341
685 140 212 272 198 157 357 288 346
686 140 222 274 204 161 367 294 353
687 144 229 276 207 170 372 302 354
688 145 234 278 210 174 376 308 356
689 146 234 279 210 174 375 305 354
690 146 236 280 210 175 376 308 353
691 150 234 287 208 179 375 311 351
692 164 231 299 206 191 374 321 351
693 179 226 316 205 201 371 335 349
694 179 225 316 205 201 371 335 350
695 194 218 333 201 212 366 345 347
696 207 210 347 197 223 362 356 345
697 218 200 357 191 229 355 366 342
698 223 193 366 188 228 351 370 340
699 223 193 367 187 229 351 371 341
700 223 191 367 186 227 350 368 339
701 214 195 357 187 221 354 360 340
702 204 198 346 191 211 360 351 346
703 205 199 347 192 210 361 348 346
704 194 198 337 195 197 365 339 354
705 184 198 329 197 187 367 331 358
706 177 195 322 197 179 367 321 359
707 175 195 320 198 175 367 317 359
708 174 196 320 197 175 368 321 359
709 175 197 321 201 170 369 319 363
710 176 201 321 206 171 371 316 364
711 181 207 325 210 176 373 320 365
712 185 210 330 212 181 374 324 365
713 186 211 329 213 181 373 323 364
714 187 212 332 213 183 374 325 365
715 188 211 332 214 183 374 326 365
716 187 212 331 214 182 376 326 366
717 186 213 329 216 180 377 321 367
718 185 213 329 217 180 378 323 369
719 184 213 327 217 178 377 321 369
720 182 213 325 218 176 377 319 370
721 179 214 323 217 174 378 316 370
722 175 215 319 217 172 379 313 370
723 175 214 319 217 171 379 312 370
724 173 215 316 217 169 380 310 369
726 292 281 363 285 291 367 358 362
727 296 279 368 281 299 368 366 361
728 295 279 369 281 298 368 366 361
729 300 279 369 279 309 369 371 359
730 308 278 372 280 315 367 371 357
731 314 278 378 278 321 365 372 354
732 322 276 387 279 322 363 377 354
733 321 276 387 279 325 365 378 356
734 325 275 391 279 329 364 382 355
735 325 274 393 279 329 364 386 355
736 328 274 394 279 329 363 385 354
737 327 275 391 278 332 363 382 353
738 326 275 391 278 332 363 383 352
739 325 276 391 278 331 364 384 353
740 322 276 386 278 330 366 380 355
741 315 278 383 277 327 367 381 355
742 309 280 377 277 323 370 378 355
743 309 280 375 277 321 369 375 355
744 303 283 377 280 317 373 382 360
745 298 283 367 281 311 376 375 364
746 294 284 367 281 306 377 374 365
747 293 283 366 281 301 375 369 364
748 294 284 367 281 302 375 371 363
749 292 284 365 281 300 374 368 362
750 291 285 366 282 299 372 368 362
751 292 286 367 284 299 373 367 363
752 293 289 370 288 301 376 373 368
753 292 289 369 287 300 375 370 367
754 294 292 372 290 302 379 373 370
755 296 294 375 293 303 381 375 373
756 299 295 379 294 305 383 378 376
757 300 297 382 295 308 386 382 378
758 299 296 382 295 308 386 383 378
759 302 299 386 297 311 389 387 382
760 306 301 392 301 315 391 391 384
761 311 301 395 301 319 392 392 384
762 315 304 399 303 324 394 396 386
763 315 304 399 303 323 394 397 386
764 319 306 403 303 331 396 403 386
765 329 307 411 307 338 396 405 387
766 334 308 414 308 345 396 408 386
768 123 159 179 163 121 225 175 222
769 129 157 191 162 128 225 189 223
770 136 160 201 165 133 229 198 227
771 144 160 209 164 145 228 207 225
772 154 159 218 164 154 228 217 225
773 156 160 218 164 155 227 218 226
774 166 159 228 164 165 226 226 225
775 175 159 236 164 173 226 234 224
776 183 159 244 164 180 226 243 224
777 191 161 253 168 186 227 250 228
778 190 161 251 167 188 227 250 227
779 199 161 259 169 194 228 256 229
780 205 160 266 168 201 226 263 227
781 212 162 272 169 208 228 269 228
782 216 162 277 169 213 229 274 228
783 216 162 277 168 214 229 275 228
784 220 165 280 170 220 231 277 228
785 226 167 286 173 222 232 282 232
786 229 166 289 170 228 232 288 229
787 234 165 294 171 232 232 293 231
788 234 165 294 171 233 232 292 231
790 237 202 384 205 230 362 374 356
791 236 201 387 203 229 364 375 357
792 232 201 381 205 225 364 369 358
793 230 201 371 208 220 366 360 361
794 224 201 361 208 215 366 348 360
795 217 203 353 207 211 367 344 356
796 218 203 355 208 210 367 344 358
797 213 206 350 208 206 368 341 356
798 211 207 347 208 204 369 337 356
799 208 209 344 211 201 370 336 358
800 204 212 339 212 198 373 332 359
801 205 211 339 214 198 372 330 360
802 203 213 337 215 195 374 328 361
803 200 216 333 216 194 376 325 362
804 198 217 330 217 190 378 321 364
805 194 216 327 217 185 379 318 364
806 196 214 327 219 185 378 317 366
807 194 217 325 220 183 380 316 367
808 191 218 323 222 182 381 313 369
809 189 220 320 223 181 382 311 369
810 187 221 319 224 179 384 310 371
811 188 221 318 225 179 384 309 371
812 183 223 316 223 175 385 307 370
813 178 224 314 222 173 388 307 372
814 174 226 313 224 172 389 307 373
815 173 231 312 228 174 392 306 378
816 171 232 311 227 174 394 307 376
817 169 238 311 230 175 399 310 381
818 167 245 311 233 178 405 315 386
819 164 251 310 236 180 407 321 391
820 158 260 305 242 183 411 326 398
821 156 261 305 241 181 413 326 397
822 151 267 298 246 182 413 329 403
823 150 272 284 247 189 413 328 406
824 149 283 271 255 200 415 325 410
825 150 294 257 264 208 426 324 417
826 149 293 260 267 205 425 323 418
827 155 299 264 280 201 434 320 430
828 172 307 278 297 204 439 321 441
829 177 310 290 310 206 439 323 444
863 -8 197 99 185 3 299 108 284
864 -4 195 103 185 6 300 111 288
865 -5 196 103 185 5 300 111 287
866 -4 196 104 185 6 301 114 289
867 -4 196 105 183 7 301 117 288
868 0 196 107 185 8 302 120 291
869 -1 198 107 186 9 304 120 293
870 -1 198 107 186 9 303 120 293
871 -5 201 104 186 8 302 121 291
872 -1 198 101 180 12 297 124 287
873 2 193 100 173 18 292 125 283
874 6 189 101 166 23 287 128 276
875 7 187 101 165 25 287 128 277
876 10 179 102 160 26 276 122 268
877 18 179 110 161 41 279 137 276
878 31 187 114 166 54 283 145 278
879 42 190 122 168 63 285 152 279
880 42 193 121 167 62 289 152 279
881 41 189 130 163 65 285 158 277
882 46 187 136 163 66 285 161 277
883 48 191 139 170 68 289 163 284
884 51 200 143 179 73 299 169 294
885 53 203 144 180 73 300 169 294
886 58 207 153 187 82 307 179 302
887 65 212 162 192 89 309 189 304
888 74 214 174 196 96 311 199 306
889 79 218 182 201 101 315 207 309
890 79 218 182 201 100 316 206 310
891 82 224 186 208 103 322 209 316
892 87 227 193 216 105 328 210 327
893 87 229 197 220 102 332 209 330
894 88 232 198 224 101 336 208 332
895 87 233 198 225 101 336 208 333
896 87 235 199 226 101 338 207 333
897 89 232 199 225 102 335 207 330
898 92 227 201 219 104 330 208 323
899 93 223 202 214 104 325 210 316
900 93 224 202 214 105 326 210 316
901 94 228 198 217 106 330 209 320
902 92 245 195 231 109 350 205 338
903 92 255 199 243 108 363 205 351
904 95 265 201 254 111 370 203 357
905 97 265 199 255 110 371 202 358
929 -61 127 72 113 -49 268 86 263
930 -79 128 70 114 -63 275 87 268
931 -65 130 96 121 -53 288 109 281
932 -48 136 126 131 -34 303 138 296
933 -8 149 159 149 4 319 169 316
934 28 166 194 166 38 337 202 335
935 33 166 195 165 44 337 200 336
936 62 177 224 176 69 349 232 347
937 83 182 244 183 88 356 249 356
938 93 187 255 189 101 360 258 362
939 103 193 264 196 107 366 267 370
940 103 193 267 197 107 365 267 370
964 249 110 279 207 150 154 195 236
965 264 110 283 212 160 149 196 232
966 274 105 284 206 163 141 193 221
967 283 96 289 200 169 138 197 215
968 287 91 297 186 172 132 200 207
969 292 85 312 187 180 125 215 202
970 291 86 313 188 183 119 211 198
971 294 87 318 185 191 124 221 198
972 295 90 319 177 201 123 231 186
973 298 90 312 175 208 119 230 176
1002 146 232 301 226 160 395 312 393
1003 149 216 303 211 160 381 311 380
1004 147 208 302 205 159 374 309 374
1005 148 209 302 205 159 375 310 374
1006 148 206 303 203 159 371 311 372
1007 153 206 307 204 163 372 314 374
1008 157 210 311 207 166 376 320 378
1009 162 217 316 214 171 383 325 384
1010 161 218 316 214 172 383 325 384
1011 166 222 320 219 175 388 330 389
1012 168 227 323 223 178 392 332 392
1013 170 229 324 226 180 394 334 395
1014 170 230 324 226 180 395 334 395
1015 170 230 324 226 181 395 334 395
1016 170 230 325 227 181 395 335 396
1017 172 231 327 228 184 395 337 397
1018 174 231 330 228 184 397 339 398
1019 177 233 332 229 186 398 341 399
1020 177 233 332 229 187 399 341 399
1021 180 232 337 229 190 398 344 399
1022 183 229 339 226 192 394 347 395
1023 185 224 342 222 194 389 349 390
1024 187 219 343 218 195 386 350 387
1025 187 218 344 217 195 386 350 388
1026 190 218 348 218 198 385 352 388
1027 194 219 350 219 200 386 355 389
1028 197 222 353 221 205 389 358 391
1029 196 226 354 225 205 393 361 395
1030 196 226 354 225 205 394 361 395
1031 193 234 353 230 205 400 364 401
1032 190 241 350 237 203 406 362 408
1033 188 248 348 245 199 413 359 415
1034 183 249 349 249 195 419 357 424
1035 182 249 350 250 194 419 357 425
1036 178 252 352 257 188 427 356 436
1037 163 260 353 268 169 442 348 446
1038 156 272 354 275 165 460 346 459
1039 132 288 319 273 170 474 346 466
1040 138 300 320 286 165 483 342 474
1041 151 302 333 289 176 483 343 471
1052 80 226 215 229 83 372 207 369
1053 81 223 231 236 79 374 214 377
1054 88 231 224 245 84 375 201 375
1055 85 232 216 242 84 371 199 369
1068 27 194 127 186 45 280 145 281
1079 39 277 122 269 46 363 124 351
1080 37 270 123 262 46 365 130 354
1081 38 270 129 257 51 368 140 354
1082 40 268 135 253 55 365 151 353
1083 45 262 137 248 57 361 153 350
1084 47 259 140 243 60 356 159 346
1085 45 260 141 244 58 358 158 347
1086 48 257 142 240 64 352 162 344
1087 50 253 144 237 66 348 167 342
1088 52 252 145 234 70 348 170 340
1089 53 253 150 236 73 350 174 343
1090 53 251 149 233 73 348 175 340
1091 54 252 150 234 76 348 175 340
1092 53 250 150 231 77 346 177 337
1093 55 248 154 230 81 344 180 336
1094 59 245 158 231 79 343 180 337
1095 60 246 159 229 84 344 184 336
1096 61 248 159 229 85 345 186 337
1097 59 248 164 231 83 350 189 343
1098 55 250 168 236 78 355 192 352
1099 50 248 175 237 72 359 194 357
1100 49 249 172 239 73 357 190 357
1101 47 246 172 241 62 358 183 361
1104 39 183 92 203 28 283 83 284
1105 39 179 92 202 29 286 83 290
1106 37 175 97 198 27 287 87 290
1107 40 173 98 196 26 287 85 289
1108 37 172 103 200 20 281 87 290
1109 34 174 102 200 18 285 86 293
1110 34 174 102 201 18 283 88 291
1111 30 176 105 201 16 285 88 294
1112 28 176 108 205 13 285 89 297
1113 29 179 109 207 12 287 89 299
1114 28 180 109 209 10 288 89 301
1115 29 181 109 210 10 288 89 302
1116 27 181 109 210 9 289 89 303
1117 24 182 107 212 4 288 85 303
1118 22 183 105 213 3 288 84 303
1119 19 183 102 214 0 289 81 304
1120 20 183 102 214 0 290 81 305
1121 19 184 101 215 0 289 80 305
1122 19 186 101 216 0 291 80 306
1123 19 187 101 218 0 292 79 308
1124 20 188 101 220 0 293 79 310
1125 20 188 100 220 0 293 78 310
1126 19 190 101 222 0 295 78 311
1127 20 191 102 223 0 296 79 313
1128 22 192 102 224 0 297 78 314
1129 22 193 101 224 0 300 78 315
1130 25 192 104 225 0 299 80 316
1131 25 194 105 226 1 302 81 317
1132 26 195 105 227 2 302 81 317
1133 29 196 107 228 3 302 81 318
1134 33 196 108 229 6 302 82 318
1135 32 196 111 228 8 303 87 319
1136 33 196 113 228 9 303 89 319
1137 34 196 113 228 11 303 90 318
1138 36 196 115 228 11 302 91 319
1139 36 196 116 228 12 302 91 318
1140 37 196 116 228 13 303 91 318
1141 37 196 116 227 13 303 92 319
1142 37 196 118 227 13 302 93 318
1144 66 359 132 352 70 438 144 431
1145 63 361 130 358 64 437 141 435
1146 55 362 123 360 59 436 133 437
1147 55 362 122 360 59 435 133 435
1148 46 365 115 362 51 438 126 438
1149 38 364 107 363 42 436 117 439
1150 32 366 99 366 34 439 108 441
1151 24 368 91 365 28 440 101 440
1152 25 367 91 363 30 439 101 438
1153 18 369 84 366 23 442 96 441
1154 13 370 78 366 20 441 90 441
1155 10 371 73 368 16 442 84 442
1156 6 373 71 368 13 444 83 442
1157 6 372 72 368 12 443 82 442
1158 4 374 69 370 11 444 80 444
1159 2 373 64 370 6 445 73 443
1160 2 373 62 373 3 444 68 444
1161 1 372 61 370 5 444 68 441
1162 2 373 63 372 4 444 69 444
1163 1 372 61 370 4 444 69 442
1164 1 370 64 369 3 443 69 441
1165 2 368 65 368 4 441 69 439
1166 3 365 66 366 3 440 69 439
1167 3 366 66 367 4 440 69 439
1168 6 365 68 367 5 440 69 439
1169 8 366 70 369 7 441 70 439
1170 7 368 72 370 10 442 72 439
1171 13 367 74 372 13 442 72 440
1172 14 366 76 371 13 441 75 441
1174 164 213 260 204 179 312 271 297
1175 162 211 259 203 175 312 269 298
1176 159 210 257 202 171 310 266 297
1177 156 210 255 201 169 310 264 297
1178 156 211 254 201 170 311 265 297
1179 153 210 253 201 166 310 262 297
1180 150 210 250 201 162 311 258 298
1181 146 210 246 201 157 311 254 299
1182 140 210 242 201 153 312 250 300
1183 141 211 242 202 153 312 250 301
1184 135 210 237 202 147 312 245 301
1185 130 212 232 203 142 313 240 301
1186 123 212 227 203 137 313 235 302
1187 118 212 222 202 131 313 230 302
1188 118 211 221 201 132 312 229 302
1189 113 211 216 202 125 311 225 301
1190 108 211 210 201 120 310 220 300
1191 105 209 206 200 116 308 216 299
1192 101 208 203 199 112 307 212 298
1193 100 207 203 197 111 307 212 298
1194 97 206 200 197 109 306 209 296
1195 94 205 196 196 106 304 206 296
1196 92 204 194 195 103 303 204 295
1197 90 203 193 194 101 301 202 294
1198 90 202 194 193 101 301 202 293
1199 88 201 192 192 99 300 200 293
1200 88 200 191 192 97 297 198 292
1201 87 199 190 192 96 297 197 291
1202 86 200 189 193 95 296 196 291
1236 95 216 216 245 54 394 166 394
1237 51 205 211 222 56 392 213 392
1238 52 202 212 208 58 398 214 389
1239 52 202 216 207 62 400 219 391
1240 56 198 220 204 63 398 220 388
1241 56 199 218 204 63 397 219 386
1242 61 195 222 200 68 396 223 385
1243 63 194 226 200 70 395 227 385
1244 66 194 229 199 74 394 231 384
1245 68 192 232 198 78 394 237 385
1246 67 192 234 198 77 392 237 383
1247 69 192 235 195 80 394 241 383
1248 70 192 236 195 80 393 243 381
1249 73 191 238 193 85 393 246 381
1250 74 191 241 194 86 391 248 379
1251 76 190 242 193 85 390 248 379
1252 78 192 243 195 89 392 249 381
1253 79 192 244 195 91 392 249 381
1254 80 194 245 197 92 393 249 381
1255 80 197 245 198 93 396 250 383
1256 80 195 247 197 92 395 251 383
1257 81 198 247 201 93 397 250 385
1258 82 200 247 201 94 399 252 387
1259 81 201 247 202 94 400 252 387
1260 82 201 247 203 95 401 252 389
1261 83 201 248 203 95 402 253 389
1262 82 202 247 204 95 402 252 389
1263 83 202 248 204 95 403 252 390
1264 82 202 247 204 94 402 250 389
1265 80 201 245 204 92 401 248 388
1266 80 201 245 203 92 402 249 390
1267 78 201 243 204 90 401 246 388
1268 75 200 242 203 84 399 243 386
1269 70 198 240 202 77 396 238 383
1270 66 197 236 201 71 394 234 382
1271 66 197 230 200 74 395 231 382
1272 61 196 230 200 68 393 230 381
1273 57 194 223 198 63 391 226 380
1274 52 193 219 197 58 388 222 378
1275 47 191 212 195 53 387 214 376
1276 46 191 212 194 54 389 213 377
1277 44 190 208 196 48 385 208 375
1278 39 190 204 196 43 384 203 375
1279 34 189 200 196 38 383 199 375
1280 30 189 195 197 34 382 193 374
1281 31 188 195 194 35 383 195 375
1282 26 189 188 197 29 383 187 376
1283 21 190 184 196 24 382 184 374
1284 18 190 180 197 21 380 181 373
1285 16 191 177 197 19 381 179 373
1286 15 191 178 197 19 380 179 373
1287 9 191 174 197 15 381 175 373
1288 10 192 171 197 16 381 174 374
1289 6 191 166 195 12 381 173 373
1290 3 190 163 196 9 380 169 373
1291 2 191 163 198 6 380 166 373
1292 0 191 159 197 5 379 162 372
1293 -1 190 156 198 2 379 159 373
1294 -2 190 157 198 0 380 160 375
1295 -4 191 156 198 0 381 160 375
1296 -4 191 156 198 0 381 160 376
1297 -3 192 157 199 0 382 161 376
1298 -2 195 157 200 3 385 163 378
1299 0 195 160 198 8 385 166 376
1300 4 197 165 200 13 387 170 379
1301 4 196 167 201 11 386 171 379
1302 7 197 169 200 15 388 176 379
1303 12 196 175 199 21 387 179 378
1304 14 195 178 196 25 387 184 376
1305 20 195 184 197 30 389 190 379
1306 20 194 186 196 30 386 192 377
1307 25 196 186 198 33 389 195 380
1308 27 197 188 198 36 391 196 380
1309 28 198 190 198 39 392 197 380
1310 30 199 191 199 40 392 198 380
1311 29 199 191 199 39 392 198 380
1312 28 199 191 199 39 393 197 380
1313 27 199 189 200 36 393 196 381
1314 24 200 187 200 33 394 193 381
1315 20 199 186 200 30 393 191 381
1316 22 199 184 200 31 393 191 381
1317 16 198 182 200 26 392 187 380
1318 14 196 179 196 24 389 186 377
1319 10 195 176 196 22 388 182 376
1320 10 194 175 195 20 386 181 374
1321 10 195 175 196 21 385 181 374
1322 10 192 173 195 18 383 179 373
1323 8 191 171 194 17 382 177 373
1324 5 190 170 194 13 383 176 375
1325 6 191 170 195 13 384 177 376
1326 6 191 169 193 14 385 175 374
1327 6 190 169 193 14 385 175 375
1328 6 189 171 189 15 385 179 374
1329 11 184 175 184 20 383 184 372
1330 15 180 178 181 24 381 189 370
1331 12 181 182 181 23 381 193 369
1332 15 177 184 178 25 379 194 369
1333 19 177 188 180 27 380 197 371
1334 21 181 190 182 29 383 201 374
1335 19 181 190 183 27 382 199 374
1336 20 184 188 186 28 388 197 377
1337 19 190 186 192 28 392 196 382
1338 17 192 181 194 26 394 192 384
1339 7 192 180 192 18 392 190 381
1340 11 193 180 194 20 391 187 380
1341 6 190 174 190 17 386 185 376
1342 3 187 173 190 10 385 181 377
1343 2 189 167 193 8 384 175 377
1344 -1 190 163 194 5 385 173 378
1345 -2 189 163 193 5 384 172 377
1346 -6 192 159 195 2 387 170 380
1347 -11 194 157 196 0 390 166 382
1348 -15 194 152 196 -3 390 162 381
1349 -16 192 153 196 -5 388 157 379
1350 -18 191 152 197 -10 389 157 380
1351 -17 189 151 193 -7 387 159 379
1352 -15 189 151 193 -4 387 159 377
1353 -16 189 153 192 -5 387 159 375
1354 -11 189 158 191 2 387 167 377
1355 -8 190 158 192 4 386 168 376
1356 -2 188 162 191 7 384 170 375
1357 3 186 166 190 11 383 175 375
1358 5 190 171 191 18 384 181 375
1359 11 192 175 195 21 384 183 379
1360 7 191 174 192 20 384 184 375
1361 10 195 176 196 23 387 184 380
1362 8 194 176 196 21 387 184 379
1363 8 192 173 194 18 384 182 377
1364 7 190 171 192 17 383 181 376
1365 7 190 172 193 18 383 182 376
1366 4 192 170 193 16 386 180 377
1367 5 195 169 198 17 389 180 383
1368 4 200 167 200 18 394 178 385
1369 2 202 169 203 14 396 179 387
1370 3 202 169 203 16 396 180 387
1371 3 202 170 202 17 396 180 386
1372 6 198 171 199 21 392 183 383
1373 8 194 173 195 21 387 185 379
1374 8 190 174 190 23 383 186 373
1375 8 189 174 191 22 382 185 373
1376 6 188 174 190 20 382 184 373
1377 8 189 173 192 20 383 182 374
1378 5 191 169 194 15 386 181 377
1379 3 189 169 190 16 382 180 374
1380 3 190 168 192 15 383 179 374
1381 1 187 167 189 13 379 178 372
1382 0 184 164 187 11 377 176 370
1383 -1 187 162 191 8 379 171 371
1384 -1 191 164 193 11 384 174 375
1385 -2 189 164 193 9 383 175 376
1386 0 197 162 198 14 394 175 384
1387 2 222 162 219 19 420 175 404
1388 2 258 162 250 24 450 178 433
1389 -1 296 164 286 24 485 179 466
1390 7 301 169 298 23 495 187 486
1391 7 303 169 301 23 499 187 488
1392 17 273 166 270 35 468 185 453
1394 32 164 184 165 42 350 201 338
1395 22 146 186 144 44 342 208 329
1397 97 165 168 162 102 280 170 268
1398 105 158 185 160 98 274 187 271
1400 105 143 192 161 95 295 187 297
1402 43 170 204 179 53 381 217 376
1403 31 195 210 199 52 409 224 402
1404 19 231 200 232 39 437 210 426
1405 25 231 201 239 33 446 211 439
1406 13 237 192 243 25 462 208 453
1407 9 236 192 233 30 455 215 441
1408 16 218 195 217 33 431 213 419
1409 22 212 201 210 39 421 219 409
1410 24 208 200 210 39 420 218 410
1412 137 244 301 241 149 418 308 416
1413 139 240 306 238 151 420 310 416
1414 143 240 310 238 153 419 312 415
1415 143 240 310 238 153 419 312 414
1416 148 239 315 238 157 419 314 413
1417 152 240 317 239 160 420 315 414
1418 155 240 318 240 162 420 316 413
1419 157 240 319 241 163 420 316 412
1420 157 240 319 240 163 420 316 413
1421 158 239 320 240 164 419 316 411
1422 158 237 319 239 164 418 315 411
1423 158 234 318 236 163 415 315 408
1424 157 230 317 233 161 413 314 406
1425 156 231 318 233 161 412 313 405
1426 155 227 315 230 159 409 311 403
1427 154 224 314 227 158 407 311 401
1428 153 222 313 225 157 405 309 398
1429 152 220 312 223 156 403 308 396
1430 151 220 313 224 156 402 306 395
1431 151 219 312 223 156 402 306 395
1432 150 219 311 223 154 402 305 395
1433 150 218 311 223 154 402 304 395
1434 149 218 311 223 153 401 303 395
1435 149 218 311 224 152 401 303 395
1436 148 217 309 222 151 400 302 394
1437 146 216 307 221 149 399 300 393
1438 144 215 306 222 147 399 298 393
1439 143 215 305 222 146 399 297 393
1440 143 215 305 222 145 399 296 393
1441 141 215 303 222 144 399 295 393
1442 140 215 302 222 142 398 294 393
1443 140 214 302 220 141 397 293 392
1444 140 213 301 220 141 397 292 392
1445 140 214 302 221 141 396 292 392
1446 138 214 301 221 139 397 291 392
1447 137 214 299 222 137 398 290 394
1448 136 215 298 223 137 399 288 394
1449 135 215 297 222 136 399 288 394
1450 135 216 297 223 135 399 288 394
1451 133 214 294 221 134 398 287 393
1452 131 212 292 219 132 396 285 392
1453 128 211 289 218 130 395 283 391
1454 126 211 287 218 127 395 281 391
1455 126 211 288 218 127 395 279 390
1456 125 211 286 218 126 395 278 390
1457 123 212 284 219 123 396 277 391
1458 122 213 283 221 122 397 276 392
1459 122 215 283 222 123 399 275 393
1460 121 215 283 221 123 399 275 393
1461 121 214 283 221 122 398 275 393
1462 121 212 282 219 121 396 275 392
1463 122 211 283 218 122 395 276 391
1464 123 212 284 219 124 395 276 390
1465 123 212 284 218 123 395 276 390
1466 123 213 285 221 123 396 276 391
1467 123 214 285 221 123 397 276 392
1528 156 166 224 169 138 257 213 259
1529 148 169 222 166 137 256 215 252
1530 142 172 219 167 138 257 216 250
1531 133 177 219 164 139 261 219 249
1533 182 142 233 147 180 208 236 210
1534 183 141 239 143 182 205 240 205
1535 184 141 238 143 181 204 238 205
1536 186 142 242 144 184 206 241 205
1537 188 144 243 147 186 208 244 207
1538 188 147 244 150 185 211 244 210
1539 185 152 243 152 185 216 247 213
1540 184 152 241 152 185 216 245 212
1541 182 157 241 155 184 220 245 215
1542 182 162 239 159 185 224 247 218
1543 179 167 238 161 184 228 249 220
1544 174 169 234 162 180 231 245 223
1545 173 170 229 163 179 232 240 223
1546 167 169 223 163 172 230 230 223
1547 161 168 215 161 166 230 223 222
1548 154 166 210 158 160 227 218 220
1549 148 165 204 157 153 226 213 219
1550 145 164 204 157 151 227 211 219
1551 139 163 198 156 146 225 206 218
1552 136 162 193 155 141 225 201 218
1553 134 162 190 155 141 221 199 215
1554 134 160 191 154 140 220 197 214
1555 135 160 191 153 141 220 198 213
1556 135 157 191 154 139 218 196 213
1557 134 155 190 153 137 216 194 212
1558 133 155 189 152 137 216 192 211
1559 131 155 187 152 135 216 190 211
1560 132 155 188 152 135 216 191 211
1561 133 156 187 154 135 218 189 212
1562 134 156 191 156 134 217 190 213
1563 137 157 193 158 136 218 192 215
1564 137 159 194 160 137 218 193 215
1565 137 158 194 159 137 217 192 215
1566 139 160 195 161 140 219 196 216
1567 144 162 199 163 145 220 199 217
1568 150 163 205 165 150 221 204 219
1569 155 163 211 165 154 220 209 219
1570 156 163 212 165 155 220 210 219
1571 161 162 216 165 158 218 214 218
1572 166 163 219 166 162 218 218 219
1574 181 183 375 173 201 386 393 381
1575 182 184 379 171 202 387 394 382
1576 182 181 382 171 200 388 393 382
1577 181 181 381 171 198 389 390 382
1578 180 182 378 173 196 391 387 383
1579 177 183 375 174 191 393 384 386
1580 178 183 376 175 191 394 385 387
1581 174 185 372 177 188 395 380 387
1582 171 185 367 178 185 395 374 388
1583 167 185 364 178 181 395 369 388
1584 164 183 359 177 177 395 363 386
1585 164 184 356 177 177 394 361 385
1586 163 183 355 176 177 393 361 383
1587 162 182 354 174 177 392 361 381
1588 162 181 355 173 178 390 361 380
1589 162 181 355 173 178 390 361 380
1590 162 181 355 173 179 391 362 382
1591 163 183 357 175 178 395 363 385
1592 161 185 356 176 176 396 363 385
1593 161 186 356 177 176 395 362 386
1594 161 185 356 177 176 396 362 387
1595 160 186 356 177 175 396 363 387
1596 158 184 354 175 175 393 360 385
1597 157 184 354 174 174 393 361 385
1598 158 182 355 173 175 391 363 383
1599 158 181 355 173 175 391 362 383
1600 159 178 357 170 175 390 364 382
1601 160 177 357 170 175 389 364 382
1602 160 177 356 170 176 389 363 381
1603 161 179 358 171 176 391 365 383
1604 161 177 358 171 175 390 364 384
1605 162 179 359 172 176 393 365 386
1606 164 181 360 176 176 393 365 388
1607 165 182 361 179 175 394 365 390
1608 164 182 360 178 174 396 365 391
1609 163 182 360 179 173 396 364 390
1610 162 181 360 178 172 395 364 389
1611 158 180 356 176 171 393 361 387
1612 156 179 353 175 168 392 358 386
1613 153 179 348 175 165 392 353 385
1614 152 179 350 174 166 392 354 385
1615 150 177 347 171 163 392 351 385
1616 147 176 345 170 161 391 350 384
1617 147 173 346 169 160 389 348 385
1618 146 173 345 168 160 387 348 382
1619 147 173 346 169 159 387 349 383
1620 146 170 345 167 159 387 347 382
1621 145 168 344 165 158 384 348 380
1622 144 166 343 162 156 382 346 378
1623 143 167 341 163 155 383 346 379
1624 142 167 341 163 155 383 346 379
1625 142 168 341 163 155 384 345 380
1626 143 171 343 166 155 388 346 383
1627 143 173 343 168 157 390 348 386
1628 143 174 344 168 157 392 349 387
1629 143 173 344 168 157 392 349 387
1630 143 175 345 168 157 393 351 388
1631 143 174 345 168 156 393 352 388
1632 143 175 346 169 157 393 352 388
1633 143 175 346 169 157 395 352 390
1634 142 175 346 169 157 394 352 390
1635 141 176 343 170 156 396 351 391
1636 140 177 343 172 154 398 350 393
1637 138 178 343 172 153 399 349 394
1638 137 179 342 173 152 400 349 395
1639 137 179 342 173 153 400 349 396
1640 136 178 341 173 151 400 348 397
1641 134 177 341 172 149 400 348 396
1642 133 176 340 171 148 400 347 397
1643 131 175 337 171 147 399 344 395
1644 131 176 338 171 147 398 346 396
1645 129 174 336 169 145 398 343 395
1646 128 174 336 169 144 397 343 395
1647 127 173 337 169 143 397 344 394
1648 128 172 337 168 144 396 344 394
1649 128 172 337 168 144 396 344 394
1650 128 172 338 167 144 395 346 393
1651 128 172 340 167 144 396 347 394
1652 130 171 342 167 145 396 348 394
1653 130 171 343 167 146 395 348 394
1654 129 171 343 167 146 395 348 394
1655 130 171 344 168 145 397 348 395
1656 129 171 344 168 144 398 348 396
1657 127 171 343 167 143 399 348 398
1658 126 171 341 167 142 399 347 398
1659 127 171 342 168 142 399 347 398
1660 125 172 341 167 141 400 346 399
1661 124 172 341 169 141 399 344 400
1662 122 173 340 171 139 400 344 401
1663 122 174 340 172 138 402 344 403
1664 122 175 339 172 138 403 344 403
1665 121 175 339 173 137 404 344 406
1666 118 176 336 173 136 404 343 406
1667 116 174 335 172 133 404 341 405
1668 114 173 334 170 132 402 340 404
1669 114 174 334 170 132 403 340 403
1670 114 173 334 169 130 402 339 402
1671 114 172 334 168 132 402 340 401
1672 118 173 338 170 133 404 342 403
1673 120 175 339 171 136 405 343 403
1674 118 174 339 170 135 406 344 404
1675 122 175 341 172 137 406 346 405
1676 122 176 342 172 139 408 346 406
1677 122 177 341 173 138 408 347 406
1678 120 178 340 173 138 410 347 407
1679 120 178 340 172 139 410 347 406
1680 119 180 337 174 136 412 346 408
1681 117 180 336 173 135 414 346 409
1682 115 181 334 174 134 413 343 409
1683 113 181 333 175 132 414 342 410
1684 114 182 333 176 133 414 342 410
1685 111 182 330 176 130 415 340 411
1686 111 182 330 176 129 416 339 413
1687 110 183 330 178 128 417 338 414
1688 108 182 328 176 127 416 336 413
1689 109 182 328 176 127 416 338 413
1690 105 180 327 174 124 414 337 411
1691 105 177 327 173 121 412 335 410
1692 105 177 326 174 120 411 334 410
1693 105 178 325 174 119 411 334 410
1694 105 178 325 174 119 411 334 409
1695 103 176 325 173 117 410 334 409
1696 103 178 325 175 115 411 333 409
1697 102 177 325 174 116 410 334 408
1698 102 176 325 172 117 410 334 407
1699 103 175 326 173 116 410 332 409
1700 103 174 326 171 115 410 333 408
1701 104 174 327 171 116 409 334 408
1702 105 173 328 170 117 409 335 407
1703 108 173 329 171 120 408 336 407
1704 108 172 329 171 120 407 335 407
1705 109 172 330 170 121 408 335 406
1706 110 171 331 169 121 406 337 405
1707 110 170 330 169 121 406 336 404
1708 109 172 328 169 120 407 335 405
1709 108 172 329 169 120 406 335 405
1710 107 172 328 169 118 407 335 405
1711 107 172 328 168 120 407 335 404
1712 106 172 329 168 119 406 335 403
1713 106 171 328 166 119 405 335 402
1714 106 171 328 167 119 405 334 402
1715 106 169 328 165 118 404 335 402
1716 105 168 326 166 117 402 333 400
1717 105 169 326 167 115 402 332 400
1718 105 169 326 167 115 402 331 401
1719 105 168 326 167 115 402 332 401
1720 105 169 326 169 113 404 332 404
1721 102 170 323 171 111 405 330 406
1722 99 173 319 172 109 408 329 407
1723 97 173 316 173 106 409 326 408
1724 96 175 318 172 108 409 326 408
1725 96 174 317 172 107 409 324 407
1726 97 171 317 171 105 407 324 407
1727 96 172 318 173 105 408 322 407
1728 96 173 317 174 104 409 323 409
1729 97 172 317 175 104 410 321 410
1730 96 174 317 178 99 412 321 413
1731 93 175 314 178 98 413 318 412
1732 93 178 316 180 99 415 320 414
1733 95 179 317 181 101 418 320 415
1734 94 178 316 180 101 418 320 414
1735 98 179 319 181 103 420 321 414
1736 103 177 323 181 105 419 323 412
1737 107 174 328 179 109 417 326 411
1738 112 171 330 179 110 417 326 411
1739 112 171 329 181 108 416 325 412
1740 115 168 330 179 109 414 326 410
1741 116 167 330 181 108 414 324 412
